country_meta <- list(
  BF = list(
    lat = 12.30,
    lng = -1.75,
    zoom = 7,
    # median values for these inputs
    planning = 3550,
    prep = 10288,
    production = 17010,
    distribution = 2668,
    release = 5748,
    monitoring = 9000,
    anopheline = TRUE,
    admin1_name = "Province",
    admin2_name = "Region",
    admin3_name = "District",
    mortality = 0.003801466,
    pct_trt_amb = 0.837979,
    pct_trt_hosp = 0.162020708,
    cost_per_amb_case = 8.4,
    cost_per_hosp_case = 15.2,
    cost_per_child_fat = 20000,
    daly_per_case = 3.525674
  ),
  BRA = list(
    lat = -14.2429145,
    lng = -53.1892665,
    zoom = 5,
    # median values for these inputs
    planning = 2365,
    prep = 6858,
    production = 11340,
    distribution = 1178,
    release = 3830,
    monitoring = 6000,
    anopheline = FALSE,
    admin1_name = "Region",
    admin2_name = "State",
    admin3_name = "Municipality",
    mortality = 0.000246399,
    pct_trt_amb = 0.759382007,
    pct_trt_hosp = 0.032618324,
    cost_per_amb_case = 58,
    cost_per_hosp_case = 376,
    cost_per_child_fat = 323000,
    daly_per_case = 2132774.437 / 40600.26081
  ),
  COL = list(
    lat = 2.8894434,
    lng = -73.783892,
    zoom = 6,
    # median values for these inputs
    planning = 2365,
    prep = 6858,
    production = 11340,
    distribution = 1178,
    release = 3830,
    monitoring = 6000,
    anopheline = FALSE,
    admin1_name = "Department",
    admin2_name = "Municipality",
    mortality = 0.000865467,
    pct_trt_amb = 0.696113046,
    pct_trt_hosp = 0.037887357,
    cost_per_amb_case = 102,
    cost_per_hosp_case = 620,
    cost_per_child_fat = 226000,
    daly_per_case = 401360.8896 / 24592.47663
  ),
  IDN = list(
    lat = -0.789275,
    lng = 113.921327,
    zoom = 6,
    # median values for these inputs
    planning = 2365,
    prep = 6858,
    production = 11340,
    distribution = 1178,
    release = 3830,
    monitoring = 6000,
    anopheline = FALSE,
    admin1_name = "Province",
    admin2_name = "City",
    admin3_name = "District",
    mortality = 0.003794,
    pct_trt_amb = 0.4486,
    pct_trt_hosp = 0.4486,
    cost_per_amb_case = 53,
    cost_per_hosp_case = 328,
    cost_per_child_fat = 100000,
    daly_per_case = 2655180 / 47505
  ),
  LKA = list(
    lat = 7.5554942,
    lng = 80.7137847,
    zoom = 7,
    # median values for these inputs
    planning = 2365,
    prep = 6858,
    production = 11340,
    distribution = 1178,
    release = 3830,
    monitoring = 6000,
    anopheline = FALSE,
    admin1_name = "Province",
    admin2_name = "District",
    admin3_name = "Division",
    mortality = 0.00104269,
    pct_trt_amb = 0.570725591,
    pct_trt_hosp = 0.175471528,
    cost_per_amb_case = 51,
    cost_per_hosp_case = 307,
    cost_per_child_fat = 95000,
    daly_per_case = 2655180 / 18138.31776
  ),
  MEX = list(
    lat = 22.5000485,
    lng = -100.0000375,
    zoom = 6,
    # median values for these inputs
    planning = 2365,
    prep = 6858,
    production = 11340,
    distribution = 1178,
    release = 3830,
    monitoring = 6000,
    anopheline = FALSE,
    admin1_name = "State",
    admin2_name = "Municipality",
    mortality = 0.000095,
    pct_trt_amb = 0.636982573,
    pct_trt_hosp = 0.101284605,
    cost_per_amb_case = 350,
    cost_per_hosp_case = 1201,
    cost_per_child_fat = 297000,
    daly_per_case = 778692.6844 / 10462.10653
  ),
  VNM = list(
    lat = 13.2904027,
    lng = 108.4265113,
    zoom = 6,
    # median values for these inputs
    planning = 2365,
    prep = 6858,
    production = 11340,
    distribution = 1178,
    release = 3830,
    monitoring = 6000,
    anopheline = FALSE,
    admin1_name = "Province",
    admin2_name = "District",
    admin3_name = "Commune",
    mortality = 0.000117366,
    pct_trt_amb = 0.757944379,
    pct_trt_hosp = 0.171205786,
    cost_per_amb_case = 23,
    cost_per_hosp_case = 67,
    cost_per_child_fat = 55000,
    daly_per_case = 1038967.715 / 16786.90997
  )
)
